xmax <- 3
ymax <- 10

